0 0 4421 904
5042 5676 7132 7485
5329 0 6588 1596
5451 2401 6214 3226
6214 2738 7126 3747
3531 1069 5209 2474
7571 9260 8265 9894
7490 11 8243 789
8265 4706 9836 5855
6899 8687 7571 9444
7126 1838 8292 3174
0 4419 1324 5785
7071 4015 7265 4195
5209 2131 5499 2401
4421 0 5329 1069
2904 4588 4293 5935
4588 3308 4763 3472
4822 7485 7179 8249
1215 9484 3650 10000
8696 3603 9349 4115
8292 8568 9298 9668
2712 1349 3531 2166
6360 4195 7486 5676
7179 7696 8560 8568
8204 4115 10000 4706
2374 8821 3650 9484
7486 3725 8204 5042
8979 0 9898 620
6609 947 7493 1838
1353 1889 2324 2859
0 7915 668 8978
2214 3668 4542 4588
3650 8142 4822 10000
5451 3226 6214 3914
4542 3914 6360 5650
2674 6700 4822 8142
8560 7696 10000 8568
854 3463 1418 3913
0 6850 608 7915
0 3913 2214 4419
8262 6606 9379 7696
4413 5650 5042 6700
2324 2474 4334 3668
4763 2474 5451 3914
0 904 2712 1889
668 8142 3650 8821
4822 8249 6899 10000
7571 8568 8292 9260
2217 9181 2374 9332
4039 5936 4413 6449
